0.000000000000000000e+00 1.000000000000000000e+00
1.772045454466672776e-01 9.670509988853897010e-01
3.770999710383667880e-01 8.953288829455080533e-01
5.600991093935276943e-01 8.010551439433803989e-01
5.806133420174137694e-01 7.889622099426242263e-01
7.198995220803603434e-01 6.996471359773516197e-01
8.489308072536149163e-01 6.070049848658818359e-01
8.700193769166468805e-01 5.910830047647113172e-01
9.592006765018170622e-01 5.216586604634432245e-01
1.097736990365033583e+00 4.082449509452693581e-01
1.164104218826729653e+00 3.521037852170301186e-01
1.189829566195552912e+00 3.301086289423394993e-01
1.337326938930245568e+00 2.023941534045526902e-01
1.461235717870182693e+00 9.447667149943725362e-02
1.563030802720116519e+00 6.641785416642564076e-03
1.744602227177458609e+00 -1.452474893879951434e-01
1.821157500387347028e+00 -2.065040694681908040e-01
1.966105365412450734e+00 -3.163582888970007390e-01
2.067320893658365133e+00 -3.874041170681495339e-01
2.081166580515167119e+00 -3.967171390138595766e-01
2.137060255567390321e+00 -4.332559405867590918e-01
2.278130967045352229e+00 -5.174263250163964045e-01
2.391509060790300012e+00 -5.760109055259653443e-01
2.447914112059045078e+00 -6.019464971761379068e-01
2.449310893467994799e+00 -6.025608872463523724e-01
2.518503742674230050e+00 -6.312792084712547380e-01
2.633797074796022208e+00 -6.714859014938553416e-01
2.702820195233106570e+00 -6.908726190600150696e-01
2.839840955139538270e+00 -7.187660929647821106e-01
2.850237788542122619e+00 -7.203039136014371957e-01
3.022656965739339618e+00 -7.339199738727052447e-01
3.037851611988811040e+00 -7.340516074716406658e-01
3.200933445256401111e+00 -7.248032475933323671e-01
3.345700949921231349e+00 -7.007903904812639029e-01
3.365693202420602326e+00 -6.963569532994622335e-01
3.481214801339753251e+00 -6.656860645147654187e-01
3.516596662299592779e+00 -6.546292357490042235e-01
3.651582776457942714e+00 -6.057637750690988421e-01
3.814337850203935787e+00 -5.340912512974071991e-01
3.846591825638439044e+00 -5.184160851621179011e-01
3.879844290578859045e+00 -5.017930129168167719e-01
4.027777046507122982e+00 -4.227161090347865691e-01
4.141394567045158404e+00 -3.572006919728374363e-01
4.162399458750777548e+00 -3.447178360276705322e-01
4.171672561001184221e+00 -3.391745080567095116e-01
4.219838112063290403e+00 -3.100852993208783603e-01
4.247614826441133751e+00 -2.931031989952183059e-01
4.271704253293188813e+00 -2.782666898705594138e-01
4.377168875305696538e+00 -2.123574728782878784e-01
4.454835494932452455e+00 -1.631489647583481140e-01
4.576757949300764849e+00 -8.555800373680433335e-02
4.715390121707407900e+00 1.872832786867596093e-03
4.855835671793352404e+00 8.796579651744794448e-02
4.866424977472743052e+00 9.430990088309934571e-02
5.059867760227126254e+00 2.053080675976615976e-01
5.168128907949481210e+00 2.624997345515570069e-01
5.278643305385417150e+00 3.164468281318038589e-01
5.455660190261396814e+00 3.921568951392595537e-01
5.513972110757936029e+00 4.139355448334593457e-01
5.703288385223587831e+00 4.729173116334668969e-01
5.717047112965343736e+00 4.764784432875452391e-01
5.769090906666201057e+00 4.890342373288355526e-01
5.888260184420055943e+00 5.122591799105238319e-01
6.019136304213832389e+00 5.287775963863591278e-01
6.153023706074209898e+00 5.359055104998760033e-01
6.293272700742882364e+00 5.329230969129111761e-01
6.308007487584360362e+00 5.320015635083015226e-01
6.491095283289251228e+00 5.112582997769478110e-01
6.634778764424576813e+00 4.835483707123724439e-01
6.760976167992793329e+00 4.516414641379979389e-01
6.922590945476371438e+00 4.015817639744167500e-01
7.003304412684519420e+00 3.731733415069300452e-01
7.136309484089379040e+00 3.221495137691405275e-01
7.179229803627937834e+00 3.047080900134427339e-01
7.179697292050492230e+00 3.045157652253411285e-01
7.298950328714876257e+00 2.539781933150132565e-01
7.353339794183155753e+00 2.300803504245062248e-01
7.421693944904018458e+00 1.994533023840337760e-01
7.436986219688522581e+00 1.925249745281136238e-01
7.528988666181752443e+00 1.503910464492934917e-01
7.567713841063977043e+00 1.324838319024914390e-01
7.646450578505390006e+00 9.591356412102941542e-02
7.704268210494273461e+00 6.903113644600097909e-02
7.798711891705075061e+00 2.532634700900633987e-02
7.898353796018161788e+00 -2.013478150086909016e-02
7.928884814520453794e+00 -3.386468110790923775e-02
8.010735569293908398e+00 -7.007072359427085617e-02
8.099237041032692375e+00 -1.080216022617604271e-01
8.107732558523171207e+00 -1.115893038146094085e-01
8.129445779226465163e+00 -1.206427869847704754e-01
8.272031636863086845e+00 -1.775227305169413683e-01
8.394026973716847806e+00 -2.221073320068551460e-01
8.541229349201680421e+00 -2.700415362796773078e-01
8.661443766876804062e+00 -3.038765304134706802e-01
8.742701336649611576e+00 -3.238317785824937900e-01
8.902518563205372715e+00 -3.558233790101044680e-01
8.958881119904519963e+00 -3.647337411649385075e-01
9.151513811556650779e+00 -3.855971251317028003e-01
9.209173573979905214e+00 -3.889352815275846087e-01
9.217268478031790835e+00 -3.892967965073630410e-01
9.326081635041427731e+00 -3.916108845422685558e-01
9.389137607452630263e+00 -3.908040433050818385e-01
9.512779716823510867e+00 -3.847524515734788153e-01
9.593663682437142626e+00 -3.776845801471824804e-01
9.717188887543795062e+00 -3.623681942739849227e-01
9.805742788090839213e+00 -3.482036450737764355e-01
9.928068586459838585e+00 -3.245889019290614241e-01
1.003996043668834481e+01 -2.992372659457651074e-01
1.016819515356874071e+01 -2.663012214214371398e-01
1.025580355258667886e+01 -2.417310363659992967e-01
1.029187265314300070e+01 -2.311871840234988873e-01
1.035033878639805849e+01 -2.136211519631354694e-01
1.044055983175779545e+01 -1.855010022593967800e-01
1.051610550715504644e+01 -1.611692752065521372e-01
1.070185191426770821e+01 -9.928846864193990873e-02
1.088821533422701293e+01 -3.606903212329055919e-02
1.105484594528238951e+01 1.961042003982305798e-02
1.123231828085090989e+01 7.627831809763717386e-02
1.135238653125345998e+01 1.122424331735070585e-01
1.138429103453909086e+01 1.214023570986014211e-01
1.153078371201017482e+01 1.609950954936719969e-01
1.170908275927637199e+01 2.029477811565099654e-01
1.177276345142664837e+01 2.160756514389375327e-01
1.195061569122409573e+01 2.470934222811503045e-01
1.202216903130988968e+01 2.571133490949019107e-01
1.219216242136682027e+01 2.750149168864758908e-01
1.225150541763027512e+01 2.792739782231941637e-01
1.235053487215496837e+01 2.840715467798224925e-01
1.239258483154225843e+01 2.852367159933872909e-01
1.251426677582808900e+01 2.857080775788605753e-01
1.270751696762973992e+01 2.778299356133269726e-01
1.282097793837680477e+01 2.685101393798545732e-01
1.301064066926000784e+01 2.458139681710559410e-01
1.313893720479914506e+01 2.259059866405917771e-01
1.321111174753428763e+01 2.132722103365593536e-01
1.339020720343855153e+01 1.780751503618867027e-01
1.350261893092249821e+01 1.536409015391246857e-01
1.359691785674962716e+01 1.320540671516364783e-01
1.371544502723524772e+01 1.038536113763449675e-01
1.380215346474113325e+01 8.269666359395654032e-02
1.397761410769426327e+01 3.926632351757125550e-02
1.417490641935996720e+01 -9.142909698665858953e-03
1.437193366621840340e+01 -5.526811484808319408e-02
1.438477288226519413e+01 -5.815559938591823713e-02
1.447724024611926907e+01 -7.842065441393547554e-02
1.449111736551959240e+01 -8.137573036729940645e-02
1.456174359803620533e+01 -9.603295008514298181e-02
1.459002823171941543e+01 -1.017140803421560519e-01
1.465945873392746535e+01 -1.151683582768686098e-01
1.469791303937159377e+01 -1.223040760583805620e-01
1.479587649090116663e+01 -1.393937897977843010e-01
1.496368270643315235e+01 -1.647262287405159009e-01
1.511586746607620135e+01 -1.830144700502877586e-01
1.517364204838220587e+01 -1.887234027308037354e-01
1.523251074468035604e+01 -1.938224488581634930e-01
1.535240916821351043e+01 -2.019310901458398200e-01
1.541679227542508990e+01 -2.050128990575298404e-01
1.554935774684111571e+01 -2.085520307377237148e-01
1.560652085200338135e+01 -2.089195110031208114e-01
1.572091275901488849e+01 -2.075931503065918116e-01
1.577681982140729389e+01 -2.059638789938082470e-01
1.579414893036344836e+01 -2.053306886275730048e-01
1.582258253644960355e+01 -2.041620014394762705e-01
1.596745318140293968e+01 -1.957733658265086996e-01
1.615028778578911428e+01 -1.797440836181385670e-01
1.622083541075129887e+01 -1.720779088504469645e-01
1.626997774990157453e+01 -1.662908328354382181e-01
1.637330984121997446e+01 -1.530125065475576307e-01
1.647249071465242665e+01 -1.389860660526229252e-01
1.649076046897230441e+01 -1.362783998206630598e-01
1.664826317096787278e+01 -1.115559332666227477e-01
1.671154588817247699e+01 -1.010254589258336583e-01
1.690727434742987256e+01 -6.693183838063031244e-02
1.693825290510486781e+01 -6.138773798148922795e-02
1.700613658132409256e+01 -4.915891567183571648e-02
1.704702602520199761e+01 -4.175919021239112711e-02
1.713129876433988841e+01 -2.649102406100374910e-02
1.729740991695705077e+01 3.307076141243901930e-03
1.731790839221811851e+01 6.926283762642209893e-03
1.735916886271847304e+01 1.415594554711208271e-02
1.739559388467772294e+01 2.046919635176712091e-02
1.752029358660842817e+01 4.148113592742105893e-02
1.762924924295665008e+01 5.890040222743152254e-02
1.770018352754457780e+01 6.967517054774194363e-02
1.778813966428387872e+01 8.233164070964532621e-02
1.782358728460755870e+01 8.719430621389089031e-02
1.800966751479413119e+01 1.102379739645923257e-01
1.816909190957428422e+01 1.263293734263483126e-01
1.836477936282761902e+01 1.410141260211552894e-01
1.842181876126126383e+01 1.441940883036895160e-01
1.855046715019068060e+01 1.495002894994821863e-01
1.856273147023425807e+01 1.498704572505432653e-01
1.864265368129510847e+01 1.517039860384270522e-01
1.870894010749712066e+01 1.524660748808967792e-01
1.876795835163798642e+01 1.525704812297624668e-01
1.891160700152855867e+01 1.506061534166058258e-01
1.899508586722620507e+01 1.480602992560066666e-01
1.906772087936297311e+01 1.450377428718621631e-01
1.906998576575855608e+01 1.449317168727553284e-01
1.915665594347775880e+01 1.403548806151380668e-01
1.924112386421294119e+01 1.349544190163096402e-01
1.927861203223591247e+01 1.322744009017679523e-01
1.938909412132732513e+01 1.234247636606281562e-01
1.944477227906582328e+01 1.184592224791719967e-01
1.960022802765611161e+01 1.029976347710196416e-01
1.963731539602805753e+01 9.899637699147297021e-02
1.967801589133108209e+01 9.448190594131687658e-02
1.987723374097122786e+01 7.080634091481566306e-02
1.993783809994817702e+01 6.318819185661617155e-02
1.998086525634056088e+01 5.769210219887120628e-02
2.012109619412571604e+01 3.941787714665857811e-02
2.024775959821554494e+01 2.267331294710233161e-02
2.026216632735073020e+01 2.076731746482931087e-02
2.034787192805759659e+01 9.465486357942372309e-03
2.052425740260748555e+01 -1.331981447165053040e-02
2.071492933202218367e+01 -3.658151670536205491e-02
2.090193428539672738e+01 -5.727855674203440745e-02
2.092702874169563287e+01 -5.986013589206965607e-02
2.110390643695702551e+01 -7.653825841159009324e-02
2.125729619935963655e+01 -8.862621688640992534e-02
2.139746349381544732e+01 -9.754705147980946567e-02
2.153594294451469437e+01 -1.042472811884931766e-01
2.156579888831551628e+01 -1.054089121943776047e-01
2.164358894939628541e+01 -1.079578490608177899e-01
2.174298415857876776e+01 -1.102050497660436584e-01
2.179928731491364857e+01 -1.109752424780810903e-01
2.186878261219984054e+01 -1.114272091243503210e-01
2.202446034554645493e+01 -1.104711393795406033e-01
2.212646728235770155e+01 -1.084104943598137860e-01
2.214411650785612906e+01 -1.079424398180831857e-01
2.222658003450447239e+01 -1.053326480225136863e-01
2.230623672154406734e+01 -1.021709640296669247e-01
2.248059090623454637e+01 -9.320557515708431662e-02
2.263113076797509393e+01 -8.344003087838749999e-02
2.265619089818553533e+01 -8.165231952958727779e-02
2.278086424717618286e+01 -7.215084959622350413e-02
2.280853109030988790e+01 -6.991629179963906870e-02
2.288518360547626784e+01 -6.351432480389304636e-02
2.301876599991534178e+01 -5.172262825516227291e-02
2.321726287565890701e+01 -3.314911698254170008e-02
2.336992240766292284e+01 -1.843898680778325444e-02
2.353301937428013701e+01 -2.749126227343523521e-03
2.362932283855885629e+01 6.338414036980336008e-03
2.363964241981606307e+01 7.299842093316142103e-03
2.370690692130095911e+01 1.349442035445154453e-02
2.378299634695317977e+01 2.032676640533813764e-02
2.392818090673096521e+01 3.272058032513161518e-02
2.398112651778835769e+01 3.699314478390032523e-02
2.410240543594434826e+01 4.620163320180452338e-02
2.417541024544550510e+01 5.131860051011868928e-02
2.428085984678669362e+01 5.808936530949630056e-02
2.429606264096100077e+01 5.900195372030104385e-02
2.443086471163598361e+01 6.635369632906168436e-02
2.462845711375178936e+01 7.458750278743712936e-02
2.479392343343590710e+01 7.903028591489634491e-02
2.493090735756640086e+01 8.097628022129667313e-02
2.503580939553266660e+01 8.140763576511338140e-02
2.507377297719261477e+01 8.134003618785996814e-02
2.520135176371781327e+01 8.025945311462318044e-02
2.539854591187170385e+01 7.610779090065848684e-02
2.556542485744380500e+01 7.042369604888051859e-02
2.574933971866451188e+01 6.213420956876915258e-02
2.581148625880371483e+01 5.891183986770166803e-02
2.590159030802629658e+01 5.390918341558188775e-02
2.592204718587350598e+01 5.272310927325198765e-02
2.610863447638270785e+01 4.117528504690625563e-02
2.614114095808441718e+01 3.904875521420342332e-02
2.633729795329479373e+01 2.571570571297226993e-02
2.642891784158269886e+01 1.929593432630986177e-02
2.645680947249997672e+01 1.733000593101228712e-02
2.648521477823049253e+01 1.532516610007046351e-02
2.666541271675191638e+01 2.648735805754179676e-03
2.678959737625084969e+01 -5.899385658324850408e-03
2.693793676046838925e+01 -1.570623858918164875e-02
2.707814068810513675e+01 -2.439930825792533536e-02
2.712469948041088230e+01 -2.713454797123904597e-02
2.713682469876136238e+01 -2.783322320489662813e-02
2.720565763243430624e+01 -3.168659915052952220e-02
2.734940962103550888e+01 -3.906168946595741515e-02
2.741770418446242630e+01 -4.221798725741400526e-02
2.749785592744093421e+01 -4.561502707593430295e-02
2.757407260220024270e+01 -4.852320463644883841e-02
2.767309024682466045e+01 -5.181238079358707616e-02
2.783858707807757327e+01 -5.602472324981211393e-02
2.792059398826123129e+01 -5.749970552807034951e-02
2.795971194257859338e+01 -5.805854189045452085e-02
2.800689878881276229e+01 -5.860793208318380160e-02
2.802516693506642653e+01 -5.878400993023680937e-02
2.819067414184676679e+01 -5.945289384838357144e-02
2.838793114932874673e+01 -5.811919975350300638e-02
2.857377671314077361e+01 -5.486404052202464854e-02
2.863558216196031836e+01 -5.338214236030035947e-02
2.879850811254570786e+01 -4.860522190777487317e-02
2.887493138348337141e+01 -4.596535389641714237e-02
2.900785200366906125e+01 -4.084046956427814234e-02
2.914855798951865395e+01 -3.478189856123569540e-02
2.921967247647169685e+01 -3.151441279241264104e-02
2.937661761210731370e+01 -2.392791449951883406e-02
2.947254450987487928e+01 -1.910534094775512282e-02
2.953600009447664476e+01 -1.586609295828977570e-02
2.953981233817736651e+01 -1.567061237622660239e-02
2.957596407877672462e+01 -1.381324620908582108e-02
2.969216152192709046e+01 -7.823360077390041981e-03
2.973370883447291035e+01 -5.685268303416537820e-03
2.988826670828866128e+01 2.171097220352778429e-03
2.997145569088655037e+01 6.290591420500494559e-03
3.006172861999743873e+01 1.063383316705323635e-02
3.012234739084296109e+01 1.346004019810648558e-02
3.030370627750449231e+01 2.138004208625071331e-02
3.049330457673762851e+01 2.861125014545770617e-02
3.056816782309045166e+01 3.112287532595327255e-02
3.069036577141644173e+01 3.476241459191271171e-02
3.071684182284207765e+01 3.547242233695894337e-02
3.091673790184436044e+01 3.988259735851389792e-02
3.098151193641571410e+01 4.094049957131873363e-02
3.103173274231000178e+01 4.163283428063134506e-02
3.106022580278656875e+01 4.197567884513438152e-02
3.116760840282348255e+01 4.294161199836611653e-02
3.124393146147462375e+01 4.331493407940602974e-02
3.131196210972087357e+01 4.342976360531700802e-02
3.133116381607057477e+01 4.342530032703841025e-02
3.141716361267621949e+01 4.320853963863546809e-02
3.146639109612014806e+01 4.294165322918897659e-02
3.149753514621076178e+01 4.272003777437531624e-02
3.150291740580470190e+01 4.267763663693281695e-02
3.151350284088731613e+01 4.259073978365074398e-02
3.158635393222015608e+01 4.186818724538551861e-02
3.165723916358322754e+01 4.096132893951751758e-02
3.172173711137648056e+01 3.996779365750278284e-02
3.176653259066110380e+01 3.918670892500215885e-02
3.186821142372070881e+01 3.714998359279963330e-02
3.187987436978066569e+01 3.689388789283013642e-02
3.189615387247218337e+01 3.652896415059805890e-02
3.201888750489903401e+01 3.351084799177241058e-02
3.203241380737099320e+01 3.315084239595396387e-02
3.203347612552695267e+01 3.312234960122432265e-02
3.216856587028204473e+01 2.925450219166857505e-02
3.222616307902070076e+01 2.747013953954388285e-02
3.226883333147933541e+01 2.610201054933641504e-02
3.230101548850504400e+01 2.504608185109010593e-02
3.238863977811926986e+01 2.207666220100478263e-02
3.251262986355772711e+01 1.767931101576811215e-02
3.267052404255692721e+01 1.185321670996423646e-02
3.285643532241617493e+01 4.861123484760351832e-03
3.297619838452531837e+01 3.890939292129593136e-04
3.302256079825527024e+01 -1.318555522607126962e-03
3.310122619959050638e+01 -4.171581502088432189e-03
3.316901042306604097e+01 -6.574116043757243129e-03
3.328466488895419673e+01 -1.052331741444787437e-02
3.339371219708746708e+01 -1.403641453285282489e-02
3.347243377882713844e+01 -1.642389274560029575e-02
3.362042587676253191e+01 -2.052591900507409056e-02
3.381054193201802605e+01 -2.495585956048149492e-02
3.400444795746426507e+01 -2.838519459874492418e-02
3.404860508777156269e+01 -2.900270138784153545e-02
3.422092394875249255e+01 -3.081222610769293255e-02
3.423896990869727830e+01 -3.094586637661260117e-02
3.435691680839803297e+01 -3.155735006596593201e-02
3.440241814221905514e+01 -3.167211877893870431e-02
3.457542537055999787e+01 -3.150204353007732966e-02
3.469631877315094215e+01 -3.082911853142321010e-02
3.484279848497894960e+01 -2.943601897179253316e-02
3.496952961621955325e+01 -2.775483508997604598e-02
3.499405803281833727e+01 -2.738175274183524480e-02
3.505406517429823054e+01 -2.640738544000720972e-02
3.521492325833870751e+01 -2.339541608139853943e-02
3.539251153234282299e+01 -1.948785027348340360e-02
3.542399131941128587e+01 -1.874166231947258995e-02
3.555174343568715045e+01 -1.557851734824980058e-02
3.557929301102225139e+01 -1.487166710949087457e-02
3.565888544952451156e+01 -1.278956673567670059e-02
3.576869384748373193e+01 -9.840778847935048243e-03
3.595968150560027965e+01 -4.604428355225143391e-03
3.596149975237407403e+01 -4.554418186786641023e-03
3.615534880037791510e+01 7.271752061325396834e-04
3.616146720118346281e+01 8.911554879200121477e-04
3.626321839555249937e+01 3.579411115198327664e-03
3.631352446160880731e+01 4.876406451199488158e-03
3.632268273361153632e+01 5.109883396924382211e-03
3.635150500457529432e+01 5.838970787367053251e-03
3.637136958286731669e+01 6.336215179474014719e-03
3.651665386285456094e+01 9.825190861249982061e-03
3.659293916475858310e+01 1.153853273175838370e-02
3.669416995572049700e+01 1.366685056598685236e-02
3.682483495624124004e+01 1.614170499663374406e-02
3.696879424593465302e+01 1.847566663749992608e-02
3.716646477969344176e+01 2.094686432209101612e-02
3.723413415152118233e+01 2.158727327268220031e-02
3.729177588435342017e+01 2.204785446006915159e-02
3.739355486857848376e+01 2.266840774029918459e-02
3.758880218732153367e+01 2.316815186640323529e-02
3.775553103430812740e+01 2.288793161440668897e-02
3.793741216625939927e+01 2.187507079823062042e-02
3.805592773480841373e+01 2.084481404330885967e-02
3.813684862939469866e+01 1.998611911378239681e-02
3.818746843527002000e+01 1.938883476226359662e-02
3.827703214803259613e+01 1.822579898042899632e-02
3.836237195911943587e+01 1.700057546484597462e-02
3.842752626375290248e+01 1.599509900015726183e-02
3.845265208900225673e+01 1.559234923731946457e-02
3.860114309507017794e+01 1.306103641738206624e-02
3.860831749362058218e+01 1.293284234305554919e-02
3.866710245744001639e+01 1.186474361645231679e-02
3.883299318261094157e+01 8.709536703808990615e-03
3.892970003870696871e+01 6.802038456743698253e-03
3.896193732796341180e+01 6.159240187199040845e-03
3.907306422113500588e+01 3.929996634165956564e-03
3.918056484232917569e+01 1.773756033404544352e-03
3.934223053896599254e+01 -1.413457052533955609e-03
3.952990378049473463e+01 -4.935147638203946259e-03
3.967579571655213755e+01 -7.469938316575893723e-03
3.983909648709621365e+01 -1.003130193137467298e-02
3.995449295095394149e+01 -1.163474596474545555e-02
4.005567537427073432e+01 -1.288395908884580089e-02
4.014839688643969140e+01 -1.389124358467770659e-02
4.024306934511493239e+01 -1.477736996744893720e-02
4.039568736174167896e+01 -1.589038795946811841e-02
4.053242935587278595e+01 -1.654730595848579941e-02
4.063107485524817264e+01 -1.681905822497386724e-02
4.078586864652076116e+01 -1.690592538551088930e-02
4.081051576402848724e+01 -1.688199979736662582e-02
4.088402893678650685e+01 -1.675025677499996507e-02
4.104984846258692954e+01 -1.613092936458160320e-02
4.109430171862301506e+01 -1.589204450200008834e-02
4.114936149609494009e+01 -1.555540891431436527e-02
4.120208490344428043e+01 -1.519210783717272160e-02
4.135076905615423470e+01 -1.396465972103435108e-02
4.154018091960080028e+01 -1.201423501615598091e-02
4.160038804585574468e+01 -1.131588293676605815e-02
4.179121728055373808e+01 -8.900314335751127737e-03
4.184224597045375305e+01 -8.211202923875605270e-03
4.201522296706800574e+01 -5.779298172863346454e-03
4.221426800498426957e+01 -2.876189011943048462e-03
4.222025900952858279e+01 -2.788237699889073180e-03
4.240437107826450358e+01 -1.026766978712481123e-04
4.241194221795091579e+01 6.351841389970770070e-06
4.252262436275901081e+01 1.578257186143311929e-03
4.262430197163462964e+01 2.975372205442217057e-03
4.273139684530184468e+01 4.383038431768348196e-03
4.290283793829124903e+01 6.464220904987784053e-03
4.309431087909220537e+01 8.481065101520576105e-03
4.309694655461743906e+01 8.506277410431528629e-03
4.311531516300826183e+01 8.679954129773190599e-03
4.313230863550695204e+01 8.837433518099971352e-03
4.329537155915541291e+01 1.018585243352613558e-02
4.338951286078447112e+01 1.082369014416277066e-02
4.348168109300861772e+01 1.134374089903720725e-02
4.366271489812068296e+01 1.205553255850883368e-02
4.374831404185075456e+01 1.224718775283471783e-02
4.391023022817434907e+01 1.235589385667336566e-02
4.393335039971302081e+01 1.234463885722380042e-02
4.394987187201840584e+01 1.233255236605628608e-02
4.399135728197924067e+01 1.228745111742402148e-02
4.404456842809977957e+01 1.219905300028087565e-02
4.416804057030468300e+01 1.186509384925165007e-02
4.428450276491470561e+01 1.139219422380716683e-02
4.446231596549345966e+01 1.039783764798080275e-02
4.453551466111852619e+01 9.901345960734796170e-03
4.464910863804054486e+01 9.041169321523297511e-03
4.478221025235512087e+01 7.910832103057071144e-03
4.491759488473014983e+01 6.648628289891451298e-03
4.499100788966393338e+01 5.925888885526434981e-03
4.516202289676991910e+01 4.166453447832383673e-03
4.532393487711505031e+01 2.443064522716822517e-03
4.546398429987098666e+01 9.437821996332218435e-04
4.566010713562285162e+01 -1.110751018711973043e-03
4.582906959690988913e+01 -2.786207058441903840e-03
4.592492378671311570e+01 -3.679567116545400841e-03
4.605287719052816442e+01 -4.791793953775424011e-03
4.614297768168953695e+01 -5.512105490647069631e-03
4.632655735330335744e+01 -6.796774029241522616e-03
4.649857509841965708e+01 -7.753450247557319534e-03
4.659532388909756406e+01 -8.178408688435351986e-03
4.663321797190179296e+01 -8.321886244243219960e-03
4.672557925769790899e+01 -8.616516996900684677e-03
4.679720960403265906e+01 -8.790726244600782779e-03
4.685619601826995506e+01 -8.898381506367654750e-03
4.691195792726694691e+01 -8.970413478119200479e-03
4.701244015552107669e+01 -9.027611739819087558e-03
4.701307068410005741e+01 -9.027677736152652302e-03
4.713431892374341459e+01 -8.973439095840154978e-03
4.726070178750375561e+01 -8.778424931431941941e-03
4.731711177196999785e+01 -8.647406165833051994e-03
4.742984279629820321e+01 -8.307996032881933071e-03
4.759516730269088924e+01 -7.635552884068369170e-03
4.761662515894523295e+01 -7.534127583782751145e-03
4.766981407747091026e+01 -7.269648972847402545e-03
4.786922861630925752e+01 -6.127302673171351396e-03
4.794455253928138916e+01 -5.641714267456659181e-03
4.797970194825347789e+01 -5.406430075188903110e-03
4.815868630753906388e+01 -4.136770731655074751e-03
4.827222290637796220e+01 -3.283648825081201400e-03
4.834949381649992972e+01 -2.689117860667566712e-03
4.852096010447154839e+01 -1.350329036412617869e-03
4.865650121609726853e+01 -2.942126076760155401e-04
4.866685803567320789e+01 -2.142163585814592678e-04
4.867847857501486430e+01 -1.246289808650778534e-04
4.879417722567356464e+01 7.550284331938807592e-04
4.894314018861931004e+01 1.841599417754639229e-03
4.898290384370629624e+01 2.120267606515503517e-03
4.908462924618524426e+01 2.806857799306489761e-03
4.917142991446125677e+01 3.359070294835556601e-03
4.927768878050447654e+01 3.987315285075855240e-03
4.935382845195980650e+01 4.402033573329883209e-03
4.941472468475635793e+01 4.710898116330656735e-03
4.949906219387414552e+01 5.103352518465048906e-03
4.968254113896978197e+01 5.806595958567121844e-03
4.972965307874951435e+01 5.952357700868483176e-03
4.985152251363712850e+01 6.261103975242690925e-03
4.985948253470339608e+01 6.277802674684705535e-03
4.987877729519700409e+01 6.316502855369737594e-03
4.992367708179982344e+01 6.396800314309174403e-03
4.997277728901931937e+01 6.468946974828334098e-03
5.000000000000000000e+01 6.501889955897855941e-03
